make: Nothing to be done for 'all'.
Subspace110001.csv 0.13736654537776333
1
1
1
1
1
1
1
1
1
1
1
1
1
Subspace110101.csv 0.1315213754622686
Subspace101011.csv 0.1171033819078894
1
Subspace100001.csv 0.32086078381657857
1
1
1
1
1
1
Subspace100011.csv 0.11747363767057947
1
1
1
1
1
Subspace100101.csv 0.11242127995829504
1
Subspace101111.csv 0.11761539777188044
Subspace1011111.csv 0.1565314214132247
1
1
1
Subspace101101.csv 0.11208676948492771
1
Subspace111011.csv 0.13795103922870272
Subspace1011011.csv 0.15850970745516987
Subspace1110011.csv 0.13384963974027198
1
Subspace1001011.csv 0.15870095686197708
1
1
1
1
1
1
1
Subspace1100111.csv 0.13535859524690774
1
1
1
1
1
1
Subspace1111011.csv 0.16167036650927505
1
1
1
1
1
Subspace1010111.csv 0.14868884318836575
1
1
Subspace1110111.csv 0.13524569623213542
1
1
Subspace101001.csv 0.32059840710075194
1
Subspace1111111.csv 0.1641401438720601
1
1
1
Subspace111101.csv 0.13136145261651347
Subspace1000111.csv 0.14893699840724722
1
1
1
1
1
1
1
1
Subspace1101111.csv 0.16421543315870807
1
Subspace1101011.csv 0.1617461243932955
Subspace110111.csv 0.13223436423579038
Subspace1100011.csv 0.13396288892440691
Subspace110011.csv 0.13811902610334073
1
1
1
Subspace111001.csv 0.13719751150574203
1
1
1
1
1
Subspace1000011.csv 0.15174353368454474
1
1
1
1
1
1
Subspace111111.csv 0.13207510780494988
1
1
1
1
1
1
1
1
Subspace1001111.csv 0.1567169847158087
1
1
1
1
Subspace100111.csv 0.11795826205098817
Subspace1010011.csv 0.15148797135018294
1
1
1
